0
132
153
372
407
485
497
426
414
197
163
-108
-151
-373
-409
-487
-499
-428
-416
-199
-165
106
149
371
407
485
497
426
414
197
163
-108
-151
-373
-409
-487
-499
-428
-416
-199
-165
106
149
371
407
485
497
426
414
197
163
-108
-151
-373
-409
-487
-499
-428
-416
-199
-165
106
149
371
407
485
497
426
414
197
163
-108
-151
-373
-409
-487
-499
-428
-416
-199
-165
106
149
371
407
485
497
426
414
197
163
-108
-151
-373
-408
-486
-499
-428
-417
-200
-165
106
149
371
406
484
497
426
414
197
163
-108
-151
-373
-409
-487
-499
-428
-417
-200
-165
106
149
371
407
485
497
426
415
198
163
-108
-151
-373
-408
-486
-499
-428
-417
-200
-165
106
149
371
407
485
497
426
414
197
163
-108
-151
-373
-409
-487
-499
-428
-416
-199
-165
106
149
371
407
485
497
426
415
198
163
-108
-151
-373
-408
-486
-499
-428
-416
-199
-165
106
149
371
406
484
497
426
415
198
163
-108
-151
-373
-408
-486
-499
-428
-416
-199
-165
