0
132
153
371
405
484
498
426
413
197
163
-108
-151
-373
-409
-487
-501
-430
-417
-200
-165
105
148
370
405
484
498
426
413
197
163
-108
-151
-373
-409
-487
-501
-430
-417
-200
-165
105
148
370
405
484
498
426
413
197
163
-108
-151
-373
-409
-487
-501
-430
-417
-200
-165
105
148
370
405
484
498
426
413
197
163
-108
-151
-373
-409
-487
-501
-430
-417
-200
-165
105
148
370
405
484
498
426
413
197
163
-108
-151
-373
-408
-486
-501
-430
-417
-200
-166
104
148
370
405
484
498
426
413
197
163
-108
-151
-373
-409
-487
-501
-430
-417
-200
-165
105
148
370
405
484
498
426
414
198
163
-108
-151
-373
-408
-486
-501
-430
-417
-200
-165
105
148
370
405
484
498
426
413
197
163
-108
-151
-373
-409
-487
-501
-430
-417
-200
-165
105
148
370
405
484
498
426
414
198
163
-108
-151
-373
-408
-486
-501
-430
-417
-200
-165
105
148
370
405
484
498
426
414
198
163
-108
-151
-373
-408
-486
-501
-430
